CADASTRO ITENS PEDIDO
1522178523
15221785231122107875
15221785231122107875None
15221785231122107875None
1522178523112210787512
15221785231122107875123
15221785231122107875312
15221785231122107875123
15221785231122107875<function quantidade_compra at 0x00000226CC97DE40>
1522178523112210787512102.0
152217852311221078751   
15221785231122107875102
152217852311221078751
15221785231122107875123
15221785231122107875123
15221785231122107875123
15221785231122107875123
15221785231122107875321
152217852311221078752
15221785231122107875123
15221785231122107875123
15221785231122107875123
15221785231122107875123
1522178523112210787512
1522178523112210787512
15221785231122107875123
15221785231122107875123
15221785231122107875123
15221785231122107875123
15221785231122107875123
15221785231122107875123
